1032.3
1031.5
1030.9
1030.6
1030.4
1030.4
1030.6
1030.8
1031.0
1031.3
1031.6
1031.8
1031.9
1031.8
1031.7
1031.5
1031.4
1031.2
1031.1
1031.1
1031.1
1031.1
1031.2
1031.2
1031.1
1030.8
1030.5
1030.2
1029.9
1029.7
1029.6
1029.6
1029.8
1030.0
1030.2
1030.4
1030.5
1030.3
1030.1
1029.8
1029.6
1029.4
1029.3
1029.4
1029.6
1029.8
1030.0
1030.1
1029.9
1029.5
1028.9
1028.2
1027.5
1026.9
1026.5
1026.4
1026.6
1026.9
1027.3
1027.7
1028.1
1028.4
1028.6
1028.7
1028.9
1029.0
1029.3
1029.6
1030.0
1030.5
1030.9
1031.2
1031.4
1031.4
1031.3
1031.2
1031.0
1030.8
1030.7
1030.7
1030.8
1031.0
1031.1
1031.3
1031.3
1031.3
1031.1
1031.0
1030.8
1030.6
1030.4
1030.2
1030.1
1030.0
1029.9
1029.7
1029.4
1028.9
1028.4
1027.9
1027.4
1027.0
1026.7
1026.5
1026.5
1026.6
1026.7
1026.8
1026.8
1026.7
1026.5
1026.3
1026.0
1025.7
1025.5
1025.3
1025.2
1025.1
1025.0
1024.8
1024.5
1024.2
1023.8
1023.3
1022.9
1022.7
1022.5
1022.5
1022.7
1023.1
1023.5
1024.0
1024.6
1025.1
1025.7
1026.3
1027.0
1027.7
1028.5
1029.3
1030.1
1030.9
1031.6
1032.2
1032.7
1032.9
1033.0
1033.0
1032.9
1032.8
1032.8
1032.9
1033.1
1033.3
1033.5
1033.8
1033.9
1034.0
1034.0
1034.0
1034.0
1034.1
1034.2
1034.4
1034.7
1034.9
1035.1
1035.1
1035.0
1034.6
1034.1
1033.4
1032.8
1032.2
1031.7
1031.5
1031.5
1031.5
1031.5
1031.5
1031.3
1031.0
1030.5
1030.0
1029.5
1028.9
1028.5
1028.3
1028.1
1028.0
1027.8
1027.5
1027.0
1026.2
1025.3
1024.4
1023.4
1022.5
1021.8
1021.3
1021.1
1020.9
1020.9
1020.8
1020.6
1020.4
1020.0
1019.5
1019.1
1018.7
1018.4
1018.2
1018.1
1018.0
1017.9
1017.7
1017.3
1016.7
1016.0
1015.3
1014.5
1013.9
1013.4
1013.2
1013.2
1013.3
1013.5
1013.8
1014.1
1014.4
1014.6
1014.8
1015.1
1015.5
1015.9
1016.4
1017.0
1017.6
1018.1
1018.5
1018.8
1018.9
1018.9
1018.8
1018.6
1018.5
1018.4
1018.5
1018.7
1019.0
1019.3
1019.5
1019.7
1019.8
1019.7
1019.7
1019.6
1019.6
1019.7
1020.0
1020.3
1020.7
1021.0
1021.2
1021.3
1021.1
1020.8
1020.3
1020.0
1019.7
1019.6
1019.8
1020.2
1020.8
1021.3
1021.8
1022.1
1022.2
1022.1
1021.9
1021.6
1021.4
1021.1
1021.0
1021.0
1021.0
1020.9
1020.7
1020.4
1019.8
1019.1
1018.4
1017.7
1017.1
1016.7
1016.5
1016.6
1016.8
1017.1
1017.4
1017.6
1017.7
1017.7
1017.6
1017.4
1017.2
1016.9
1016.7
1016.4
1016.2
1016.1
1016.0
1016.1
