2015 33 0 0 0. 2420.40 66.01 11.30 10.25 1.76 1032.30 275.86 2354.39 -44.60 27.20 -2.60 28.00
2015 33 1 0 0. 2420.00 67.44 10.20 10.61 1.60 1031.50 280.66 2352.56 -44.35 27.15 -2.29 27.83
2015 33 2 0 0. 2419.80 68.61 10.40 10.89 1.65 1030.90 283.96 2351.19 -44.11 27.09 -1.98 27.66
2015 33 3 0 0. 2413.10 62.59 8.10 9.98 1.29 1030.60 285.96 2350.51 -43.86 27.04 -1.68 27.49
2015 33 4 0 0. 2412.50 62.45 8.50 9.98 1.36 1030.40 286.96 2350.05 -43.62 26.99 -1.37 27.32
2015 33 5 0 0. 2410.60 60.55 8.10 9.68 1.30 1030.40 286.96 2350.05 -43.37 26.93 -1.06 27.14
2015 33 6 0 0. 2412.50 61.99 8.00 9.90 1.28 1030.60 286.36 2350.51 -43.12 26.88 -0.75 26.97
2015 33 7 0 0. 2408.50 57.54 7.50 9.15 1.19 1030.80 285.06 2350.96 -42.88 26.83 -0.44 26.79
2015 33 8 0 0. 2405.70 54.28 8.00 8.60 1.27 1031.00 283.46 2351.42 -42.63 26.77 -0.13 26.61
2015 33 9 0 0. 2416.70 64.60 8.30 10.19 1.31 1031.30 281.66 2352.10 -42.39 26.72 0.17 26.44
2015 33 10 0 0. 2418.00 65.21 7.50 10.23 1.18 1031.60 279.76 2352.79 -42.14 26.67 0.48 26.26
2015 33 11 0 0. 2417.60 64.35 8.20 10.06 1.28 1031.80 278.06 2353.25 -41.90 26.61 0.79 26.08
2015 33 12 0 0. 2425.30 71.83 8.00 11.18 1.25 1031.90 276.56 2353.47 -41.65 26.56 1.10 25.89
2015 33 13 0 0. 2424.40 71.15 8.90 11.05 1.38 1031.80 275.66 2353.25 -41.40 26.50 1.41 25.71
2015 33 14 0 0. 2422.40 69.38 7.70 10.76 1.19 1031.70 275.06 2353.02 -41.16 26.45 1.72 25.53
2015 33 15 0 0. 2425.70 73.14 7.30 11.33 1.13 1031.50 274.76 2352.56 -40.91 26.40 2.02 25.34
2015 33 16 0 0. 2428.80 76.47 7.50 11.84 1.16 1031.40 274.76 2352.33 -40.67 26.34 2.33 25.15
2015 33 17 0 0. 2444.50 92.62 7.50 14.35 1.16 1031.20 274.86 2351.88 -40.42 26.29 2.64 24.96
2015 33 18 0 0. 2446.20 94.55 7.50 14.66 1.16 1031.10 275.06 2351.65 -40.17 26.23 2.95 24.77
2015 33 19 0 0. 2440.50 88.85 7.20 13.78 1.12 1031.10 275.16 2351.65 -39.93 26.18 3.26 24.58
2015 33 20 0 0. 2438.30 86.65 7.50 13.44 1.16 1031.10 275.36 2351.65 -39.68 26.12 3.57 24.39
2015 33 21 0 0. 2440.10 88.45 7.10 13.73 1.10 1031.10 275.66 2351.65 -39.44 26.07 3.88 24.19
2015 33 22 0 0. 2439.50 87.62 7.20 13.62 1.12 1031.20 276.06 2351.88 -39.19 26.01 4.18 24.00
2015 33 23 0 0. 2441.80 89.92 8.00 14.00 1.25 1031.20 276.66 2351.88 -38.95 25.96 4.49 23.80
2015 34 0 0 0. 2435.90 84.25 11.30 13.15 1.76 1031.10 277.56 2351.65 -39.50 28.20 17.00 26.80
2015 34 1 0 0. 2432.20 81.24 9.40 12.71 1.47 1030.80 278.66 2350.96 -38.94 28.15 16.91 26.66
2015 34 2 0 0. 2430.50 80.22 9.40 12.59 1.48 1030.50 279.86 2350.28 -38.38 28.09 16.82 26.52
2015 34 3 0 0. 2425.20 75.60 8.40 11.91 1.32 1030.20 281.06 2349.60 -37.83 28.04 16.73 26.38
2015 34 4 0 0. 2421.40 72.49 8.90 11.45 1.41 1029.90 282.16 2348.91 -37.27 27.99 16.63 26.23
2015 34 5 0 0. 2419.60 71.14 8.20 11.26 1.30 1029.70 282.96 2348.46 -36.71 27.93 16.54 26.09
2015 34 6 0 0. 2418.60 70.37 8.40 11.15 1.33 1029.60 283.26 2348.23 -36.15 27.88 16.45 25.95
2015 34 7 0 0. 2418.90 70.67 7.90 11.18 1.25 1029.60 282.96 2348.23 -35.59 27.83 16.36 25.80
2015 34 8 0 0. 2411.70 63.02 8.20 9.95 1.30 1029.80 282.26 2348.68 -35.03 27.77 16.27 25.66
2015 34 9 0 0. 2411.10 61.96 8.60 9.76 1.35 1030.00 281.26 2349.14 -34.48 27.72 16.18 25.51
2015 34 10 0 0. 2414.90 65.30 7.90 10.26 1.24 1030.20 280.06 2349.60 -33.92 27.67 16.08 25.36
2015 34 11 0 0. 2413.60 63.55 8.50 9.95 1.33 1030.40 278.86 2350.05 -33.36 27.61 15.99 25.21
2015 34 12 0 0. 2408.40 58.12 8.90 9.08 1.39 1030.50 277.86 2350.28 -32.80 27.56 15.90 25.06
2015 34 13 0 0. 2410.70 60.88 9.60 9.48 1.50 1030.30 276.96 2349.82 -32.24 27.50 15.81 24.91
2015 34 14 0 0. 2408.40 59.03 8.20 9.18 1.28 1030.10 276.36 2349.37 -31.68 27.45 15.72 24.76
2015 34 15 0 0. 2406.70 58.02 7.60 9.01 1.18 1029.80 275.96 2348.68 -31.12 27.39 15.62 24.61
2015 34 16 0 0. 2405.00 56.77 7.60 8.81 1.18 1029.60 275.56 2348.23 -30.57 27.34 15.53 24.46
2015 34 17 0 0. 2407.80 60.03 7.70 9.31 1.19 1029.40 275.26 2347.77 -30.01 27.29 15.44 24.31
2015 34 18 0 0. 2406.90 59.36 7.80 9.20 1.21 1029.30 274.96 2347.54 -29.45 27.23 15.35 24.15
2015 34 19 0 0. 2408.30 60.53 7.50 9.37 1.16 1029.40 274.56 2347.77 -28.89 27.18 15.26 23.99
2015 34 20 0 0. 2406.80 58.57 7.80 9.06 1.21 1029.60 274.16 2348.23 -28.33 27.12 15.17 23.84
2015 34 21 0 0. 2396.90 48.22 7.40 7.45 1.14 1029.80 273.96 2348.68 -27.78 27.07 15.08 23.68
2015 34 22 0 0. 2393.00 43.86 7.50 6.78 1.16 1030.00 274.16 2349.14 -27.22 27.01 14.98 23.52
2015 34 23 0 0. 2390.60 41.23 8.00 6.39 1.24 1030.10 274.76 2349.37 -26.66 26.96 14.89 23.36
2015 35 0 0 0. 2392.20 43.29 12.10 6.73 1.88 1029.90 275.96 2348.91 -42.30 29.20 16.10 27.50
2015 35 1 0 0. 2396.20 48.20 10.00 7.53 1.56 1029.50 277.76 2348.00 -42.60 29.15 16.11 27.37
2015 35 2 0 0. 2393.00 46.37 9.70 7.28 1.52 1028.90 279.96 2346.63 -42.90 29.10 16.12 27.23
2015 35 3 0 0. 2387.80 42.77 9.10 6.76 1.44 1028.20 282.26 2345.03 -43.20 29.05 16.12 27.10
2015 35 4 0 0. 2385.80 42.36 9.30 6.73 1.48 1027.50 284.36 2343.44 -43.50 29.00 16.13 26.96
2015 35 5 0 0. 2387.50 45.43 8.60 7.24 1.37 1026.90 285.76 2342.07 -43.80 28.95 16.14 26.83
2015 35 6 0 0. 2392.50 51.34 9.00 8.19 1.44 1026.50 286.16 2341.16 -44.10 28.90 16.15 26.69
2015 35 7 0 0. 2388.40 47.47 8.40 7.56 1.34 1026.40 285.46 2340.93 -44.40 28.86 16.16 26.55
2015 35 8 0 0. 2378.10 36.71 8.60 5.82 1.36 1026.60 283.76 2341.39 -44.70 28.81 16.17 26.42
2015 35 9 0 0. 2381.10 39.03 9.00 6.15 1.42 1026.90 281.56 2342.07 -45.00 28.76 16.18 26.28
2015 35 10 0 0. 2381.50 38.52 8.10 6.03 1.27 1027.30 279.06 2342.98 -45.30 28.71 16.18 26.14
2015 35 11 0 0. 2383.20 39.31 8.50 6.12 1.32 1027.70 276.66 2343.89 -45.60 28.66 16.19 26.00
2015 35 12 0 0. 2381.60 36.79 9.10 5.70 1.41 1028.10 274.76 2344.81 -45.90 28.61 16.20 25.86
2015 35 13 0 0. 2376.50 31.01 10.00 4.79 1.54 1028.40 273.56 2345.49 -46.20 28.56 16.21 25.71
2015 35 14 0 0. 2372.20 26.25 8.80 4.05 1.36 1028.60 273.06 2345.95 -46.50 28.51 16.22 25.57
2015 35 15 0 0. 2371.60 25.43 8.00 3.92 1.23 1028.70 272.96 2346.17 -46.80 28.46 16.22 25.43
2015 35 16 0 0. 2370.90 24.27 8.10 3.74 1.25 1028.90 273.06 2346.63 -47.10 28.41 16.23 25.28
2015 35 17 0 0. 2369.50 22.64 8.20 3.49 1.27 1029.00 273.26 2346.86 -47.40 28.36 16.24 25.14
2015 35 18 0 0. 2367.00 19.46 8.50 3.00 1.31 1029.30 273.36 2347.54 -47.70 28.30 16.25 24.99
2015 35 19 0 0. 2369.90 21.67 7.90 3.34 1.22 1029.60 273.06 2348.23 -48.00 28.25 16.26 24.85
2015 35 20 0 0. 2373.00 23.86 8.20 3.68 1.26 1030.00 272.66 2349.14 -48.30 28.20 16.27 24.70
2015 35 21 0 0. 2371.50 21.22 7.90 3.27 1.22 1030.50 272.36 2350.28 -48.60 28.15 16.27 24.55
2015 35 22 0 0. 2371.70 20.51 8.10 3.16 1.25 1030.90 272.26 2351.19 -48.90 28.10 16.28 24.40
2015 35 23 0 0. 2373.40 21.52 8.70 3.31 1.34 1031.20 272.56 2351.88 -49.20 28.05 16.29 24.25
2015 36 0 0 0. 2372.00 19.67 12.10 3.04 1.87 1031.40 273.46 2352.33 -38.20 28.10 15.10 26.70
2015 36 1 0 0. 2376.70 24.37 9.90 3.78 1.53 1031.40 275.06 2352.33 -37.93 28.06 15.11 26.59
2015 36 2 0 0. 2373.40 21.30 9.20 3.32 1.43 1031.30 277.26 2352.10 -37.66 28.01 15.13 26.48
2015 36 3 0 0. 2374.10 22.22 8.50 3.49 1.33 1031.20 279.46 2351.88 -37.39 27.96 15.14 26.37
2015 36 4 0 0. 2373.30 21.88 8.90 3.45 1.40 1031.00 281.56 2351.42 -37.12 27.92 15.15 26.25
2015 36 5 0 0. 2373.60 22.64 8.30 3.58 1.31 1030.80 283.06 2350.96 -36.85 27.87 15.16 26.14
2015 36 6 0 0. 2374.50 23.76 8.60 3.77 1.36 1030.70 283.66 2350.74 -36.57 27.83 15.18 26.03
2015 36 7 0 0. 2373.00 22.26 8.00 3.53 1.27 1030.70 283.16 2350.74 -36.30 27.78 15.19 25.91
2015 36 8 0 0. 2370.50 19.54 8.20 3.08 1.29 1030.80 281.76 2350.96 -36.03 27.74 15.20 25.80
2015 36 9 0 0. 2372.60 21.18 8.90 3.32 1.40 1031.00 279.66 2351.42 -35.76 27.69 15.21 25.69
2015 36 10 0 0. 2369.90 18.25 7.80 2.85 1.22 1031.10 277.26 2351.65 -35.49 27.65 15.23 25.57
2015 36 11 0 0. 2366.20 14.10 7.90 2.18 1.22 1031.30 274.76 2352.10 -35.22 27.60 15.24 25.45
2015 36 12 0 0. 2366.90 14.80 8.60 2.28 1.32 1031.30 272.46 2352.10 -34.95 27.56 15.25 25.34
2015 36 13 0 0. 2369.80 17.70 9.30 2.71 1.42 1031.30 270.56 2352.10 -34.68 27.51 15.26 25.22
2015 36 14 0 0. 2367.40 15.75 8.40 2.40 1.28 1031.10 269.06 2351.65 -34.41 27.46 15.28 25.10
2015 36 15 0 0. 2368.80 17.38 7.70 2.64 1.17 1031.00 267.96 2351.42 -34.14 27.42 15.29 24.99
2015 36 16 0 0. 2368.70 17.74 7.80 2.69 1.18 1030.80 267.16 2350.96 -33.87 27.37 15.30 24.87
2015 36 17 0 0. 2369.40 18.89 7.80 2.86 1.18 1030.60 266.66 2350.51 -33.60 27.33 15.31 24.75
2015 36 18 0 0. 2370.90 20.85 8.10 3.16 1.23 1030.40 266.36 2350.05 -33.32 27.28 15.33 24.63
2015 36 19 0 0. 2369.40 19.80 7.50 3.00 1.14 1030.20 266.26 2349.60 -33.05 27.23 15.34 24.51
2015 36 20 0 0. 2367.70 18.33 8.00 2.78 1.21 1030.10 266.36 2349.37 -32.78 27.19 15.35 24.39
2015 36 21 0 0. 2368.40 19.26 7.60 2.92 1.15 1030.00 266.86 2349.14 -32.51 27.14 15.36 24.27
2015 36 22 0 0. 2365.00 16.09 8.00 2.45 1.22 1029.90 267.86 2348.91 -32.24 27.09 15.38 24.15
2015 36 23 0 0. 2365.00 16.54 8.20 2.53 1.25 1029.70 269.36 2348.46 -31.97 27.05 15.39 24.02
2015 37 0 0 0. 2362.90 15.13 13.30 2.32 2.04 1029.40 271.46 2347.77 -34.70 27.60 13.30 27.90
2015 37 1 0 0. 2361.50 14.87 11.80 2.30 1.83 1028.90 274.36 2346.63 -34.86 27.56 12.69 27.73
2015 37 2 0 0. 2361.30 15.81 10.90 2.47 1.70 1028.40 277.56 2345.49 -35.03 27.53 12.07 27.56
2015 37 3 0 0. 2362.90 18.55 8.20 2.92 1.29 1027.90 280.66 2344.35 -35.19 27.49 11.46 27.39
2015 37 4 0 0. 2362.70 19.49 8.90 3.09 1.41 1027.40 283.36 2343.21 -35.35 27.45 10.85 27.22
2015 37 5 0 0. 2366.00 23.70 8.10 3.77 1.29 1027.00 285.26 2342.30 -35.51 27.41 10.24 27.04
2015 37 6 0 0. 2367.90 26.29 8.40 4.19 1.34 1026.70 285.86 2341.61 -35.68 27.38 9.62 26.87
2015 37 7 0 0. 2360.40 19.24 7.90 3.06 1.26 1026.50 284.96 2341.16 -35.84 27.34 9.01 26.69
2015 37 8 0 0. 2360.90 19.74 8.00 3.12 1.27 1026.50 282.86 2341.16 -36.00 27.30 8.40 26.51
2015 37 9 0 0. 2368.90 27.51 8.60 4.32 1.35 1026.60 279.96 2341.39 -36.16 27.27 7.79 26.34
2015 37 10 0 0. 2364.30 22.69 7.50 3.53 1.17 1026.70 276.76 2341.61 -36.33 27.23 7.17 26.16
2015 37 11 0 0. 2363.70 21.86 7.30 3.37 1.13 1026.80 273.56 2341.84 -36.49 27.19 6.56 25.98
2015 37 12 0 0. 2360.80 18.96 8.30 2.91 1.27 1026.80 270.96 2341.84 -36.65 27.15 5.95 25.79
2015 37 13 0 0. 2360.70 19.09 9.00 2.91 1.37 1026.70 269.16 2341.61 -36.81 27.12 5.34 25.61
2015 37 14 0 0. 2358.00 16.84 8.00 2.56 1.22 1026.50 268.16 2341.16 -36.98 27.08 4.72 25.43
2015 37 15 0 0. 2358.70 18.00 7.60 2.74 1.16 1026.30 267.76 2340.70 -37.14 27.04 4.11 25.24
2015 37 16 0 0. 2358.10 18.08 7.30 2.75 1.11 1026.00 267.66 2340.02 -37.30 27.00 3.50 25.05
2015 37 17 0 0. 2360.20 20.87 7.30 3.17 1.11 1025.70 267.76 2339.33 -37.46 26.97 2.89 24.86
2015 37 18 0 0. 2365.60 26.72 7.60 4.06 1.16 1025.50 267.96 2338.88 -37.62 26.93 2.27 24.67
2015 37 19 0 0. 2359.40 20.98 7.30 3.19 1.11 1025.30 267.86 2338.42 -37.79 26.89 1.66 24.48
2015 37 20 0 0. 2366.10 27.91 7.70 4.24 1.17 1025.20 267.96 2338.19 -37.95 26.85 1.05 24.29
2015 37 21 0 0. 2367.80 29.84 7.10 4.54 1.08 1025.10 268.16 2337.96 -38.11 26.81 0.44 24.09
2015 37 22 0 0. 2366.40 28.66 7.30 4.37 1.11 1025.00 268.86 2337.74 -38.27 26.78 -0.18 23.90
2015 37 23 0 0. 2364.70 27.42 7.80 4.20 1.19 1024.80 270.16 2337.28 -38.44 26.74 -0.79 23.70
2015 38 0 0 0. 2370.10 33.50 11.80 5.16 1.82 1024.50 272.26 2336.60 -26.50 27.40 23.80 26.00
2015 38 1 0 0. 2367.90 31.99 9.70 4.96 1.51 1024.20 275.46 2335.91 -26.89 27.34 23.28 25.88
2015 38 2 0 0. 2362.90 27.90 9.20 4.37 1.44 1023.80 279.06 2335.00 -27.27 27.28 22.77 25.76
2015 38 3 0 0. 2359.70 25.84 8.10 4.09 1.28 1023.30 282.76 2333.86 -27.66 27.22 22.25 25.63
2015 38 4 0 0. 2356.30 23.35 8.60 3.72 1.37 1022.90 285.96 2332.95 -28.05 27.16 21.73 25.51
2015 38 5 0 0. 2355.10 22.61 8.20 3.63 1.32 1022.70 288.26 2332.49 -28.44 27.09 21.22 25.39
2015 38 6 0 0. 2361.00 28.97 8.40 4.65 1.35 1022.50 288.96 2332.03 -28.82 27.03 20.70 25.26
2015 38 7 0 0. 2363.10 31.07 8.80 4.98 1.41 1022.50 287.76 2332.03 -29.21 26.97 20.18 25.14
2015 38 8 0 0. 2359.10 26.61 8.00 4.24 1.27 1022.70 285.26 2332.49 -29.60 26.91 19.67 25.01
2015 38 9 0 0. 2371.00 37.60 8.70 5.93 1.37 1023.10 281.86 2333.40 -29.99 26.85 19.15 24.88
2015 38 10 0 0. 2378.00 43.68 7.80 6.83 1.22 1023.50 278.16 2334.32 -30.37 26.79 18.63 24.76
2015 38 11 0 0. 2382.40 46.94 7.70 7.27 1.19 1024.00 274.86 2335.46 -30.76 26.72 18.12 24.63
2015 38 12 0 0. 2386.60 49.78 7.90 7.66 1.22 1024.60 272.46 2336.82 -31.15 26.66 17.60 24.50
2015 38 13 0 0. 2392.20 54.24 7.60 8.33 1.17 1025.10 271.46 2337.96 -31.54 26.60 17.08 24.37
2015 38 14 0 0. 2387.30 47.97 7.90 7.37 1.21 1025.70 271.56 2339.33 -31.92 26.54 16.57 24.24
2015 38 15 0 0. 2393.30 52.60 7.10 8.10 1.09 1026.30 272.46 2340.70 -32.31 26.47 16.05 24.11
2015 38 16 0 0. 2397.10 54.80 7.20 8.46 1.11 1027.00 273.66 2342.30 -32.70 26.41 15.53 23.98
2015 38 17 0 0. 2404.50 60.61 7.30 9.39 1.13 1027.70 274.86 2343.89 -33.09 26.35 15.02 23.85
2015 38 18 0 0. 2407.20 61.48 7.60 9.55 1.18 1028.50 275.66 2345.72 -33.47 26.28 14.50 23.71
2015 38 19 0 0. 2398.30 50.76 7.10 7.88 1.10 1029.30 275.86 2347.54 -33.86 26.22 13.98 23.58
2015 38 20 0 0. 2392.70 43.33 7.70 6.72 1.19 1030.10 275.46 2349.37 -34.25 26.16 13.47 23.45
2015 38 21 0 0. 2386.00 34.81 7.00 5.39 1.08 1030.90 274.76 2351.19 -34.64 26.09 12.95 23.31
2015 38 22 0 0. 2381.20 28.41 7.30 4.39 1.13 1031.60 274.26 2352.79 -35.02 26.03 12.43 23.17
2015 38 23 0 0. 2376.10 21.94 8.10 3.39 1.25 1032.20 273.96 2354.16 -35.41 25.96 11.92 23.04
2015 39 0 0 0. 2371.30 16.00 13.30 2.48 2.06 1032.70 274.36 2355.30 -37.00 30.40 12.40 27.10
2015 39 1 0 0. 2373.70 17.95 10.90 2.79 1.69 1032.90 275.56 2355.75 -36.78 30.37 12.77 26.99
2015 39 2 0 0. 2370.70 14.72 9.60 2.30 1.50 1033.00 277.36 2355.98 -36.56 30.34 13.14 26.87
2015 39 3 0 0. 2369.50 13.52 9.10 2.12 1.43 1033.00 279.26 2355.98 -36.34 30.31 13.51 26.75
2015 39 4 0 0. 2367.50 11.75 9.70 1.85 1.53 1032.90 281.06 2355.75 -36.12 30.28 13.88 26.64
2015 39 5 0 0. 2367.60 12.07 9.00 1.91 1.42 1032.80 282.36 2355.53 -35.90 30.26 14.25 26.52
2015 39 6 0 0. 2364.40 8.87 9.30 1.40 1.47 1032.80 282.86 2355.53 -35.67 30.23 14.62 26.40
2015 39 7 0 0. 2365.90 10.15 9.60 1.60 1.52 1032.90 282.16 2355.75 -35.45 30.20 15.00 26.29
2015 39 8 0 0. 2362.60 6.39 9.20 1.01 1.45 1033.10 280.66 2356.21 -35.23 30.17 15.37 26.17
2015 39 9 0 0. 2371.50 14.83 9.70 2.32 1.52 1033.30 278.56 2356.67 -35.01 30.14 15.74 26.05
2015 39 10 0 0. 2373.80 16.68 8.80 2.59 1.37 1033.50 276.16 2357.12 -34.79 30.11 16.11 25.93
2015 39 11 0 0. 2372.40 14.59 8.60 2.25 1.33 1033.80 273.76 2357.81 -34.57 30.08 16.48 25.81
2015 39 12 0 0. 2368.70 10.67 9.20 1.64 1.41 1033.90 271.76 2358.03 -34.35 30.05 16.85 25.69
2015 39 13 0 0. 2375.50 17.24 8.70 2.64 1.33 1034.00 270.26 2358.26 -34.13 30.02 17.22 25.57
2015 39 14 0 0. 2371.40 13.14 9.20 2.01 1.40 1034.00 269.36 2358.26 -33.91 29.99 17.59 25.45
2015 39 15 0 0. 2372.50 14.24 8.50 2.17 1.30 1034.00 268.86 2358.26 -33.69 29.96 17.96 25.33
2015 39 16 0 0. 2372.70 14.44 8.40 2.20 1.28 1034.00 268.56 2358.26 -33.47 29.94 18.33 25.20
2015 39 17 0 0. 2371.30 12.81 8.60 1.95 1.31 1034.10 268.56 2358.49 -33.25 29.91 18.70 25.08
2015 39 18 0 0. 2371.10 12.38 9.00 1.89 1.37 1034.20 268.46 2358.72 -33.02 29.88 19.07 24.96
2015 39 19 0 0. 2374.00 14.82 8.40 2.26 1.28 1034.40 268.46 2359.18 -32.80 29.85 19.45 24.83
2015 39 20 0 0. 2376.50 16.64 8.90 2.53 1.36 1034.70 268.46 2359.86 -32.58 29.82 19.82 24.71
2015 39 21 0 0. 2375.40 15.08 8.30 2.30 1.27 1034.90 268.76 2360.32 -32.36 29.79 20.19 24.58
2015 39 22 0 0. 2377.40 16.63 8.90 2.54 1.36 1035.10 269.36 2360.77 -32.14 29.76 20.56 24.45
2015 39 23 0 0. 2377.50 16.73 9.20 2.56 1.41 1035.10 270.56 2360.77 -31.92 29.73 20.93 24.33
2015 40 0 0 0. 2381.70 21.16 12.80 3.26 1.97 1035.00 272.26 2360.54 -39.80 29.00 16.40 26.40
2015 40 1 0 0. 2385.30 25.67 10.80 3.98 1.67 1034.60 274.76 2359.63 -39.43 28.97 16.66 26.28
2015 40 2 0 0. 2381.80 23.31 9.10 3.64 1.42 1034.10 277.66 2358.49 -39.05 28.93 16.93 26.16
2015 40 3 0 0. 2374.10 17.21 8.70 2.71 1.37 1033.40 280.46 2356.89 -38.68 28.90 17.19 26.04
2015 40 4 0 0. 2372.60 17.07 9.30 2.70 1.47 1032.80 282.76 2355.53 -38.30 28.87 17.45 25.92
2015 40 5 0 0. 2367.90 13.74 8.60 2.18 1.37 1032.20 284.26 2354.16 -37.93 28.84 17.71 25.80
2015 40 6 0 0. 2366.50 13.48 8.90 2.14 1.41 1031.70 284.36 2353.02 -37.55 28.80 17.98 25.68
2015 40 7 0 0. 2362.90 10.34 9.30 1.64 1.47 1031.50 283.06 2352.56 -37.18 28.77 18.24 25.56
2015 40 8 0 0. 2358.80 6.24 8.80 0.98 1.38 1031.50 280.36 2352.56 -36.80 28.74 18.50 25.44
2015 40 9 0 0. 2366.90 14.34 9.40 2.23 1.46 1031.50 277.06 2352.56 -36.43 28.70 18.76 25.32
2015 40 10 0 0. 2363.80 11.24 8.60 1.73 1.33 1031.50 273.36 2352.56 -36.05 28.67 19.03 25.19
2015 40 11 0 0. 2361.60 9.04 8.20 1.38 1.25 1031.50 269.96 2352.56 -35.68 28.64 19.29 25.07
2015 40 12 0 0. 2363.00 10.90 8.50 1.65 1.29 1031.30 267.16 2352.10 -35.30 28.60 19.55 24.95
2015 40 13 0 0. 2367.20 15.78 8.40 2.38 1.27 1031.00 265.36 2351.42 -34.93 28.57 19.81 24.82
2015 40 14 0 0. 2363.60 13.32 8.90 2.01 1.34 1030.50 264.56 2350.28 -34.55 28.54 20.08 24.69
2015 40 15 0 0. 2360.00 10.86 8.10 1.64 1.22 1030.00 264.46 2349.14 -34.18 28.50 20.34 24.57
2015 40 16 0 0. 2357.60 9.60 8.10 1.45 1.22 1029.50 264.76 2348.00 -33.80 28.47 20.60 24.44
2015 40 17 0 0. 2355.30 8.67 8.00 1.31 1.21 1028.90 265.36 2346.63 -33.43 28.44 20.86 24.31
2015 40 18 0 0. 2352.00 6.28 8.50 0.95 1.29 1028.50 265.86 2345.72 -33.05 28.40 21.13 24.18
2015 40 19 0 0. 2346.70 1.44 8.00 0.22 1.21 1028.30 266.26 2345.26 -32.68 28.37 21.39 24.06
2015 40 20 0 0. 2349.90 5.09 8.40 0.77 1.27 1028.10 266.66 2344.81 -32.30 28.33 21.65 23.93
2015 40 21 0 0. 2350.70 6.12 7.90 0.93 1.20 1028.00 267.06 2344.58 -31.93 28.30 21.91 23.80
2015 40 22 0 0. 2351.90 7.78 8.30 1.18 1.26 1027.80 267.96 2344.12 -31.55 28.27 22.18 23.66
2015 40 23 0 0. 2349.80 6.36 8.30 0.97 1.27 1027.50 269.26 2343.44 -31.18 28.23 22.44 23.53
2015 41 0 0 0. 2344.30 2.00 13.00 0.31 2.00 1027.00 271.36 2342.30 -35.70 27.60 11.40 28.90
2015 41 1 0 0. 2351.00 10.53 12.10 1.63 1.87 1026.20 274.16 2340.47 -35.88 27.56 11.58 28.71
2015 41 2 0 0. 2347.40 8.98 9.30 1.40 1.45 1025.30 277.46 2338.42 -36.06 27.51 11.76 28.51
2015 41 3 0 0. 2345.80 9.43 8.20 1.48 1.29 1024.40 280.86 2336.37 -36.24 27.46 11.94 28.31
2015 41 4 0 0. 2340.10 6.01 9.60 0.95 1.52 1023.40 283.76 2334.09 -36.42 27.42 12.12 28.11
2015 41 5 0 0. 2335.00 2.97 8.30 0.47 1.32 1022.50 285.86 2332.03 -36.60 27.37 12.30 27.91
2015 41 6 0 0. 2332.20 1.76 8.80 0.28 1.41 1021.80 286.66 2330.44 -36.78 27.33 12.47 27.71
2015 41 7 0 0. 2329.20 -0.10 9.60 -0.02 1.53 1021.30 285.96 2329.30 -36.95 27.28 12.65 27.51
2015 41 8 0 0. 2328.80 -0.04 8.40 -0.01 1.33 1021.10 283.96 2328.84 -37.13 27.24 12.83 27.31
2015 41 9 0 0. 2336.60 8.21 8.70 1.29 1.37 1020.90 281.16 2328.39 -37.31 27.19 13.01 27.10
2015 41 10 0 0. 2339.50 11.11 8.40 1.74 1.31 1020.90 278.06 2328.39 -37.49 27.15 13.19 26.89
2015 41 11 0 0. 2337.80 9.64 7.70 1.49 1.19 1020.80 275.06 2328.16 -37.67 27.10 13.37 26.68
2015 41 12 0 0. 2334.70 7.00 8.60 1.08 1.32 1020.60 272.66 2327.70 -37.85 27.06 13.55 26.47
2015 41 13 0 0. 2340.70 13.46 8.90 2.06 1.37 1020.40 271.16 2327.24 -38.03 27.01 13.73 26.26
2015 41 14 0 0. 2340.50 14.17 8.40 2.17 1.29 1020.00 270.56 2326.33 -38.21 26.96 13.91 26.05
2015 41 15 0 0. 2348.20 23.01 7.60 3.52 1.16 1019.50 270.56 2325.19 -38.39 26.92 14.09 25.83
2015 41 16 0 0. 2354.80 30.52 7.50 4.68 1.15 1019.10 270.86 2324.28 -38.57 26.87 14.27 25.61
2015 41 17 0 0. 2354.40 31.03 7.50 4.76 1.15 1018.70 271.26 2323.37 -38.75 26.83 14.45 25.39
2015 41 18 0 0. 2351.30 28.62 7.70 4.40 1.18 1018.40 271.56 2322.68 -38.92 26.78 14.62 25.17
2015 41 19 0 0. 2349.30 27.07 7.50 4.16 1.15 1018.20 271.66 2322.23 -39.10 26.73 14.80 24.95
2015 41 20 0 0. 2354.50 32.50 7.90 4.99 1.21 1018.10 271.56 2322.00 -39.28 26.69 14.98 24.72
2015 41 21 0 0. 2355.60 33.83 7.40 5.20 1.14 1018.00 271.56 2321.77 -39.46 26.64 15.16 24.50
2015 41 22 0 0. 2356.10 34.56 7.70 5.31 1.18 1017.90 271.96 2321.54 -39.64 26.59 15.34 24.27
2015 41 23 0 0. 2353.50 32.41 7.70 5.00 1.19 1017.70 272.86 2321.09 -39.82 26.55 15.52 24.03
2015 42 0 0 0. 2365.20 45.03 12.50 6.97 1.94 1017.30 274.66 2320.17 -44.90 28.50 6.80 28.40
2015 42 1 0 0. 2369.30 50.49 11.20 7.87 1.75 1016.70 277.36 2318.81 -44.49 28.46 6.83 28.27
2015 42 2 0 0. 2358.90 41.69 9.00 6.56 1.42 1016.00 280.76 2317.21 -44.08 28.42 6.85 28.14
2015 42 3 0 0. 2357.70 42.09 8.30 6.68 1.32 1015.30 284.26 2315.61 -43.66 28.38 6.88 28.01
2015 42 4 0 0. 2357.00 43.21 8.90 6.92 1.42 1014.50 287.46 2313.79 -43.25 28.34 6.90 27.88
2015 42 5 0 0. 2351.00 38.58 8.40 6.22 1.35 1013.90 289.96 2312.42 -42.84 28.29 6.92 27.74
2015 42 6 0 0. 2350.20 38.92 8.60 6.29 1.39 1013.40 291.36 2311.28 -42.43 28.25 6.95 27.61
2015 42 7 0 0. 2351.00 40.18 8.90 6.49 1.44 1013.20 291.16 2310.82 -42.01 28.21 6.97 27.48
2015 42 8 0 0. 2347.60 36.78 8.70 5.92 1.40 1013.20 289.76 2310.82 -41.60 28.17 7.00 27.34
2015 42 9 0 0. 2354.60 43.55 8.80 6.97 1.41 1013.30 287.56 2311.05 -41.19 28.13 7.03 27.21
2015 42 10 0 0. 2353.90 42.39 8.70 6.75 1.38 1013.50 285.06 2311.51 -40.78 28.09 7.05 27.07
2015 42 11 0 0. 2357.80 45.61 8.00 7.21 1.26 1013.80 282.46 2312.19 -40.36 28.05 7.08 26.94
2015 42 12 0 0. 2357.20 44.32 8.90 6.97 1.40 1014.10 280.36 2312.88 -39.95 28.00 7.10 26.80
2015 42 13 0 0. 2364.20 50.64 9.30 7.93 1.46 1014.40 278.96 2313.56 -39.54 27.96 7.12 26.66
2015 42 14 0 0. 2373.30 59.28 8.40 9.27 1.31 1014.60 278.26 2314.02 -39.12 27.92 7.15 26.52
2015 42 15 0 0. 2364.00 49.53 7.80 7.74 1.22 1014.80 277.96 2314.47 -38.71 27.88 7.17 26.39
2015 42 16 0 0. 2355.60 40.44 8.00 6.32 1.25 1015.10 277.86 2315.16 -38.30 27.84 7.20 26.25
2015 42 17 0 0. 2352.60 36.53 7.90 5.70 1.23 1015.50 277.86 2316.07 -37.89 27.80 7.23 26.11
2015 42 18 0 0. 2349.80 32.82 7.80 5.12 1.22 1015.90 277.66 2316.98 -37.48 27.75 7.25 25.96
2015 42 19 0 0. 2347.40 29.28 7.70 4.56 1.20 1016.40 277.16 2318.12 -37.06 27.71 7.28 25.82
2015 42 20 0 0. 2357.50 38.01 8.10 5.92 1.26 1017.00 276.56 2319.49 -36.65 27.67 7.30 25.68
2015 42 21 0 0. 2356.00 35.14 7.70 5.46 1.20 1017.60 276.06 2320.86 -36.24 27.63 7.33 25.54
2015 42 22 0 0. 2353.80 31.80 8.20 4.94 1.27 1018.10 275.76 2322.00 -35.83 27.58 7.35 25.39
2015 42 23 0 0. 2356.10 33.19 8.00 5.16 1.24 1018.50 276.16 2322.91 -35.41 27.54 7.38 25.25
2015 43 0 0 0. 2356.00 32.40 12.00 5.05 1.87 1018.80 277.36 2323.60 -35.80 27.40 15.90 27.20
2015 43 1 0 0. 2360.00 36.18 11.10 5.67 1.74 1018.90 279.46 2323.82 -35.84 27.35 15.43 27.06
2015 43 2 0 0. 2350.80 26.98 8.70 4.26 1.37 1018.90 282.16 2323.82 -35.87 27.30 14.95 26.92
2015 43 3 0 0. 2351.80 28.20 7.90 4.49 1.26 1018.80 284.96 2323.60 -35.91 27.25 14.48 26.78
2015 43 4 0 0. 2351.80 28.66 8.30 4.59 1.33 1018.60 287.56 2323.14 -35.95 27.20 14.00 26.63
2015 43 5 0 0. 2351.40 28.49 7.90 4.58 1.27 1018.50 289.46 2322.91 -35.99 27.15 13.53 26.49
2015 43 6 0 0. 2349.90 27.22 8.00 4.39 1.29 1018.40 290.16 2322.68 -36.02 27.10 13.05 26.35
2015 43 7 0 0. 2351.80 28.89 8.40 4.65 1.35 1018.50 289.36 2322.91 -36.06 27.06 12.58 26.20
2015 43 8 0 0. 2356.20 32.83 8.20 5.26 1.31 1018.70 287.46 2323.37 -36.10 27.01 12.10 26.06
2015 43 9 0 0. 2361.70 37.65 8.10 5.99 1.29 1019.00 284.76 2324.05 -36.14 26.96 11.63 25.91
2015 43 10 0 0. 2361.90 37.16 8.30 5.86 1.31 1019.30 281.76 2324.74 -36.17 26.91 11.15 25.76
2015 43 11 0 0. 2360.60 35.41 7.60 5.54 1.19 1019.50 278.76 2325.19 -36.21 26.86 10.68 25.61
2015 43 12 0 0. 2366.10 40.45 8.50 6.29 1.32 1019.70 276.36 2325.65 -36.25 26.81 10.20 25.46
2015 43 13 0 0. 2368.90 43.02 8.20 6.66 1.27 1019.80 274.76 2325.88 -36.29 26.76 9.73 25.31
2015 43 14 0 0. 2367.80 42.15 7.70 6.51 1.19 1019.70 273.86 2325.65 -36.32 26.71 9.25 25.16
2015 43 15 0 0. 2375.60 49.95 7.30 7.71 1.13 1019.70 273.46 2325.65 -36.36 26.66 8.78 25.01
2015 43 16 0 0. 2374.30 48.88 7.30 7.55 1.13 1019.60 273.56 2325.42 -36.40 26.61 8.30 24.86
2015 43 17 0 0. 2375.20 49.78 7.30 7.69 1.13 1019.60 273.76 2325.42 -36.44 26.56 7.83 24.70
2015 43 18 0 0. 2374.20 48.55 7.20 7.50 1.11 1019.70 273.96 2325.65 -36.47 26.51 7.35 24.55
2015 43 19 0 0. 2372.80 46.47 7.20 7.18 1.11 1020.00 274.06 2326.33 -36.51 26.45 6.88 24.39
2015 43 20 0 0. 2375.80 48.78 7.40 7.54 1.14 1020.30 274.06 2327.02 -36.55 26.40 6.40 24.24
2015 43 21 0 0. 2379.50 51.57 7.00 7.98 1.08 1020.70 274.26 2327.93 -36.59 26.35 5.93 24.08
2015 43 22 0 0. 2379.90 51.29 7.50 7.94 1.16 1021.00 274.76 2328.61 -36.62 26.30 5.45 23.92
2015 43 23 0 0. 2376.70 47.63 7.40 7.40 1.15 1021.20 275.76 2329.07 -36.66 26.25 4.98 23.76
2015 44 0 0 0. 2375.20 45.90 12.00 7.16 1.87 1021.30 277.36 2329.30 -54.00 28.00 8.90 26.90
2015 44 1 0 0. 2376.70 47.86 11.00 7.51 1.73 1021.10 279.76 2328.84 -53.27 27.94 9.25 26.79
2015 44 2 0 0. 2372.50 44.34 8.40 7.01 1.33 1020.80 282.56 2328.16 -52.53 27.89 9.61 26.67
2015 44 3 0 0. 2371.40 44.38 8.10 7.07 1.29 1020.30 285.46 2327.02 -51.80 27.83 9.96 26.55
2015 44 4 0 0. 2368.20 41.87 8.30 6.71 1.33 1020.00 287.96 2326.33 -51.07 27.77 10.32 26.44
2015 44 5 0 0. 2368.10 42.45 7.90 6.84 1.27 1019.70 289.76 2325.65 -50.33 27.71 10.67 26.32
2015 44 6 0 0. 2364.50 39.08 8.10 6.30 1.31 1019.60 290.46 2325.42 -49.60 27.66 11.03 26.21
2015 44 7 0 0. 2361.10 35.22 8.50 5.67 1.37 1019.80 289.76 2325.88 -48.87 27.60 11.38 26.09
2015 44 8 0 0. 2361.90 35.11 8.30 5.63 1.33 1020.20 287.96 2326.79 -48.13 27.54 11.73 25.97
2015 44 9 0 0. 2371.70 43.54 8.50 6.93 1.35 1020.80 285.36 2328.16 -47.40 27.48 12.09 25.85
2015 44 10 0 0. 2369.00 39.70 8.70 6.28 1.38 1021.30 282.56 2329.30 -46.67 27.43 12.44 25.73
2015 44 11 0 0. 2368.40 37.96 7.70 5.96 1.21 1021.80 279.86 2330.44 -45.93 27.37 12.80 25.61
2015 44 12 0 0. 2366.20 35.08 7.60 5.47 1.19 1022.10 277.56 2331.12 -45.20 27.31 13.15 25.49
2015 44 13 0 0. 2361.00 29.65 7.90 4.61 1.23 1022.20 276.06 2331.35 -44.47 27.25 13.50 25.37
2015 44 14 0 0. 2357.90 26.78 7.80 4.15 1.21 1022.10 275.36 2331.12 -43.73 27.19 13.86 25.25
2015 44 15 0 0. 2358.30 27.63 7.60 4.28 1.18 1021.90 275.06 2330.67 -43.00 27.13 14.21 25.13
2015 44 16 0 0. 2357.80 27.82 7.60 4.31 1.18 1021.60 275.16 2329.98 -42.27 27.07 14.57 25.00
2015 44 17 0 0. 2359.80 30.27 7.50 4.70 1.16 1021.40 275.46 2329.53 -41.53 27.02 14.92 24.88
2015 44 18 0 0. 2359.20 30.36 7.30 4.71 1.13 1021.10 275.66 2328.84 -40.80 26.96 15.27 24.76
2015 44 19 0 0. 2357.90 29.29 7.50 4.55 1.16 1021.00 275.76 2328.61 -40.07 26.90 15.63 24.63
2015 44 20 0 0. 2362.60 33.99 7.50 5.28 1.17 1021.00 275.86 2328.61 -39.33 26.84 15.98 24.51
2015 44 21 0 0. 2364.20 35.59 7.20 5.53 1.12 1021.00 276.16 2328.61 -38.60 26.78 16.34 24.38
2015 44 22 0 0. 2366.80 38.41 7.70 5.98 1.20 1020.90 276.76 2328.39 -37.87 26.72 16.69 24.25
2015 44 23 0 0. 2361.40 33.47 7.50 5.23 1.17 1020.70 277.86 2327.93 -37.13 26.66 17.05 24.13
2015 45 0 0 0. 2380.90 53.65 13.10 8.42 2.05 1020.40 279.56 2327.25 -47.00 29.20 5.30 28.80
2015 45 1 0 0. 2387.60 61.72 11.90 9.75 1.88 1019.80 282.06 2325.88 -47.00 29.15 5.67 28.66
2015 45 2 0 0. 2377.50 53.22 9.00 8.47 1.43 1019.10 285.06 2324.28 -47.01 29.10 6.03 28.52
2015 45 3 0 0. 2378.30 55.62 8.70 8.92 1.40 1018.40 288.16 2322.68 -47.01 29.05 6.40 28.39
2015 45 4 0 0. 2378.30 57.21 8.60 9.24 1.39 1017.70 290.96 2321.09 -47.02 29.00 6.77 28.25
2015 45 5 0 0. 2376.60 56.88 8.40 9.24 1.36 1017.10 293.16 2319.72 -47.02 28.95 7.13 28.11
2015 45 6 0 0. 2368.80 49.99 8.40 8.14 1.37 1016.70 294.26 2318.81 -47.02 28.90 7.50 27.97
2015 45 7 0 0. 2368.90 50.55 8.70 8.23 1.42 1016.50 294.16 2318.35 -47.03 28.86 7.87 27.82
2015 45 8 0 0. 2367.70 49.12 8.60 7.98 1.40 1016.60 293.06 2318.58 -47.03 28.81 8.23 27.68
2015 45 9 0 0. 2380.10 61.07 8.30 9.87 1.34 1016.80 291.26 2319.03 -47.04 28.76 8.60 27.54
2015 45 10 0 0. 2389.00 69.28 9.30 11.14 1.50 1017.10 289.16 2319.72 -47.04 28.71 8.97 27.40
2015 45 11 0 0. 2401.00 80.60 8.30 12.89 1.33 1017.40 287.16 2320.40 -47.05 28.66 9.33 27.25
2015 45 12 0 0. 2406.50 85.64 9.40 13.64 1.50 1017.60 285.46 2320.86 -47.05 28.61 9.70 27.11
2015 45 13 0 0. 2407.30 86.21 9.00 13.69 1.43 1017.70 284.36 2321.09 -47.05 28.56 10.07 26.96
2015 45 14 0 0. 2417.70 96.61 8.30 15.33 1.32 1017.70 283.96 2321.09 -47.06 28.51 10.43 26.81
2015 45 15 0 0. 2425.40 104.54 8.30 16.59 1.32 1017.60 283.96 2320.86 -47.06 28.46 10.80 26.67
2015 45 16 0 0. 2432.90 112.50 8.10 17.87 1.29 1017.40 284.36 2320.40 -47.07 28.41 11.17 26.52
2015 45 17 0 0. 2462.40 142.45 7.90 22.66 1.26 1017.20 284.96 2319.95 -47.07 28.36 11.53 26.37
2015 45 18 0 0. 2476.60 157.34 7.70 25.08 1.23 1016.90 285.76 2319.26 -47.08 28.30 11.90 26.22
2015 45 19 0 0. 2475.60 156.79 8.10 25.04 1.29 1016.70 286.46 2318.81 -47.08 28.25 12.27 26.07
2015 45 20 0 0. 2490.10 171.98 7.80 27.50 1.25 1016.40 286.96 2318.12 -47.08 28.20 12.63 25.92
2015 45 21 0 0. 2494.10 176.43 7.50 28.23 1.20 1016.20 287.26 2317.67 -47.09 28.15 13.00 25.76
2015 45 22 0 0. 2496.30 178.86 8.20 28.61 1.31 1016.10 287.16 2317.44 -47.09 28.10 13.37 25.61
2015 45 23 0 0. 2508.10 190.89 7.80 30.48 1.25 1016.00 286.46 2317.21 -47.10 28.05 13.73 25.46
