2.7
7.5
10.8
12.8
13.8
13.8
13.2
11.9
10.3
8.5
6.6
4.9
3.4
2.5
1.9
1.6
1.6
1.7
1.9
2.0
2.2
2.5
2.9
3.5
4.4
5.5
6.7
7.9
9.0
9.8
10.1
9.8
9.1
8.1
6.9
5.7
4.7
3.8
3.2
2.8
2.4
2.1
1.8
1.4
1.0
0.8
1.0
1.6
2.8
4.6
6.8
9.1
11.2
12.6
13.0
12.3
10.6
8.4
5.9
3.5
1.6
0.4
-0.1
-0.2
-0.1
0.1
0.2
-0.1
-0.5
-0.8
-0.9
-0.6
0.3
1.9
4.1
6.3
8.4
9.9
10.5
10.0
8.6
6.5
4.1
1.6
-0.7
-2.6
-4.1
-5.2
-6.0
-6.5
-6.8
-6.9
-6.8
-6.3
-5.3
-3.8
-1.7
1.2
4.4
7.5
10.2
12.1
12.7
11.8
9.7
6.8
3.6
0.4
-2.2
-4.0
-5.0
-5.4
-5.5
-5.4
-5.2
-5.3
-5.2
-5.0
-4.3
-3.0
-0.9
2.3
5.9
9.6
12.8
15.1
15.8
14.6
12.1
8.7
5.0
1.7
-0.7
-1.7
-1.6
-0.7
0.5
1.7
2.5
2.7
2.3
1.6
1.1
0.8
1.2
2.4
4.2
6.1
7.9
9.2
9.7
9.0
7.5
5.4
3.0
0.6
-1.4
-2.9
-3.8
-4.3
-4.6
-4.6
-4.7
-4.7
-4.7
-4.4
-3.8
-2.6
-0.9
1.6
4.5
7.3
9.6
11.1
11.2
9.9
7.2
3.9
0.2
-3.2
-6.0
-7.8
-8.6
-8.7
-8.4
-7.8
-7.3
-6.9
-6.5
-6.1
-5.2
-3.9
-1.8
1.0
4.3
7.7
10.6
12.7
13.5
12.8
10.8
8.0
4.9
1.9
-0.5
-2.0
-2.6
-2.6
-2.3
-1.9
-1.6
-1.5
-1.6
-1.6
-1.2
-0.3
1.5
4.2
7.6
11.1
14.3
16.8
18.2
18.0
16.6
14.4
11.9
9.3
7.2
5.8
5.1
4.8
4.7
4.7
4.5
4.0
3.4
2.9
2.6
3.0
4.2
6.3
9.0
11.8
14.4
16.3
17.0
16.2
14.3
11.6
8.6
5.6
3.2
1.6
0.7
0.3
0.4
0.6
0.8
0.9
0.9
1.1
1.6
2.6
4.2
6.6
9.4
12.3
14.8
16.6
17.3
16.6
14.8
12.2
9.4
6.7
4.4
2.9
2.2
1.9
2.0
2.3
2.5
2.6
2.7
3.0
3.6
4.7
6.4
8.9
11.9
15.0
17.8
20.0
21.1
21.0
19.9
18.1
16.0
14.0
12.3
11.2
10.8
10.8
11.2
11.8
12.6
13.3
13.8
14.1
14.0
13.3
12.0
