                                    mao
                             无约束平差计算结果
                                WGS-84坐标系
                         铁路规范GPS控制网测量规范
                          2017年04月09日 14:58:29



			单位权中误差: _UW = 0.000411 (VTPV = 0.000005)



空间直角坐标及精度
----------------------------------------------------------------------------
 No    P         X[m]    Mx[cm]        Y[m]    My[cm]        Z[m]    Mz[cm]
----------------------------------------------------------------------------
  1 BJNM   -2154287.0372  0.00    4373440.1433  0.00    4098885.7883  0.00
  2 CHAN   -2674426.9246  0.00    3757143.2569  0.00    4391521.7184  0.00
  3 LHAZ    -106941.3209  0.00    5549269.9038  0.00    3139215.2884  0.00
  4 TJCH   -2850402.8576  0.00    4651847.4293  0.00    3292953.0217  0.00
  5 URUM     193030.8952  0.00    4606851.4118  0.00    4393311.6527  0.00
  6 WUHN   -2267749.1620  0.00    5009154.3250  0.00    3221290.7620  0.00
----------------------------------------------------------------------------

大地坐标及精度
----------------------------------------------------------------------------
 No    P       B[dms]       Mb[s]      L[dms]       Ml[s]      H[m]  Mh[cm]
----------------------------------------------------------------------------
  1 BJNM  40 14 43.17458  0.00000 116 13 26.84511  0.00000  109.1112  0.00
  2 CHAN  43 47 26.47645  0.00000 125 26 39.10518  0.00000  273.1896  0.00
  3 LHAZ  29 39 26.40284  0.00000  91 06 14.48694  0.00000 3624.7561  0.00
  4 TJCH  31 17  5.84123  0.00000 121 29 51.84707  0.00000   36.7305  0.00
  5 URUM  43 48 28.61916  0.00000  87 36  2.38613  0.00000  859.0653  0.01
  6 WUHN  30 31 53.95288  0.00000 114 21 26.13407  0.00000   25.8259  0.00
----------------------------------------------------------------------------

误差椭球参数
----------------------------------------------------------------------------
 NO    P      A[cm]    MP[cm]     Alfa[dms]      Beta[dms]      Gama[dms]
----------------------------------------------------------------------------
  1 BJNM    0.0033    0.0039     68 26 46.9    139 26  5.1    122 27 10.3
            0.0013              123 50  7.3     73 35 27.0    141 21 50.3
            0.0016              138  9 28.0    125 51 21.9     71 23  5.9
  2 CHAN    0.0034    0.0041     66  4 58.3    134 53  8.5    125 31 31.1
            0.0012              138  5 59.2     83 26 34.5    131  8 51.1
            0.0019              122  3 10.1    134 22  1.6     61 22 57.2
  3 LHAZ    0.0045    0.0054     87 51 48.0    152 55  2.3    116 59  3.6
            0.0011              105 17 58.2     64 35  4.9    149 44 53.2
            0.0029              164 32 41.2     98 44 20.4     77 21 13.5
  4 TJCH    0.0032    0.0037     66 48 27.7    140 52 52.6    119 31 59.8
            0.0009              107 48 49.5     66 43 48.3    150  1 20.0
            0.0016              150  5 14.1    119 28  3.5     85 18 36.0
  5 URUM    0.0053    0.0068     78 50 13.7    136 34 31.3    131 16  2.7
            0.0037               63  7  0.8     29 45 30.0    101 48 40.1
            0.0021               85 43 33.1     49  2 41.4    138 43 25.1
  6 WUHN    0.0000    0.0000     94 45 42.3    124 54 59.2    144 39 50.6
            0.0000              138 53 18.8     59  3 50.2     65 47 53.4
            0.0000              123 40 28.4     40 20 54.2    109 31 38.6
----------------------------------------------------------------------------
MaX: NO:  5  MP[cm] =   0.0068 ;   Min: NO:  6  MP[cm] =   0.0000 ;   

GPS基线向量观测值及精度
----------------------------------------------------------------------------
 NO.  P1   P2    OBS.[m]    V[cm]  Vmax MV[cm]    ADJ.[m] MA[cm]      S[m]
----------------------------------------------------------------------------
  1 BJNM CHAN -520139.8874   -0.00 51.50  0.00 -520139.8874  0.00 857906.2549
             -616296.8863   -0.00 51.50  0.00 -616296.8863  0.00 857906.2549
              292635.9301    0.00 51.50  0.00 292635.9301  0.00     0.0000
  2 BJNM LHAZ 2047345.7162    0.01 152.92  0.01 2047345.7163  0.00 2548561.8642
             1175829.7606   -0.00 152.92  0.01 1175829.7606  0.00 2548561.8643
             -959670.4998   -0.00 152.92  0.00 -959670.4998  0.00     0.0001
  3 BJNM TJCH -696115.8205    0.01 66.06  0.00 -696115.8204  0.00 1100734.0627
              278407.2861   -0.00 66.06  0.00 278407.2861  0.00 1100734.0626
             -805932.7666    0.00 66.06  0.00 -805932.7666  0.00    -0.0001
  4 BJNM URUM 2347317.9324   -0.00 142.64  0.01 2347317.9324  0.00 2377197.6960
              233411.2685    0.01 142.64  0.01 233411.2686  0.00 2377197.6959
              294425.8644   -0.00 142.64  0.01 294425.8644  0.00    -0.0000
  5 BJNM WUHN -113462.1248   -0.00 65.39  0.00 -113462.1248  0.00 1089577.5350
              635714.1817    0.00 65.39  0.00 635714.1817  0.00 1089577.5350
             -877595.0263    0.00 65.39  0.00 -877595.0263  0.00     0.0000
  6 CHAN LHAZ 2567485.6037   -0.00 202.34  0.01 2567485.6037  0.00 3372235.4067
             1792126.6469    0.00 202.34  0.01 1792126.6469  0.00 3372235.4067
            -1252306.4299   -0.00 202.34  0.00 -1252306.4299  0.00     0.0000
  7 CHAN TJCH -175975.9330   -0.00 85.67  0.00 -175975.9330  0.00 1427696.1394
              894704.1724   -0.00 85.67  0.00 894704.1724  0.00 1427696.1394
            -1098568.6967    0.00 85.67  0.00 -1098568.6967  0.00    -0.0000
  8 CHAN URUM 2867457.8198    0.00 179.45  0.01 2867457.8198  0.00 2990705.8533
              849708.1549   -0.00 179.45  0.01 849708.1549  0.00 2990705.8532
                1789.9343   -0.00 179.45  0.01   1789.9343  0.00    -0.0000
  9 CHAN WUHN 406677.7626    0.00 105.69  0.00 406677.7626  0.00 1761351.4722
             1252011.0681   -0.00 105.69  0.00 1252011.0681  0.00 1761351.4721
            -1170230.9564    0.00 105.69  0.00 -1170230.9564  0.00    -0.0000
 10 LHAZ TJCH -2743461.5367   -0.00 173.44  0.01 -2743461.5367  0.00 2890602.6347
             -897422.4745   -0.00 173.44  0.01 -897422.4745  0.00 2890602.6347
              153737.7333   -0.00 173.44  0.00 153737.7333  0.00     0.0000
 11 LHAZ URUM 299972.2161    0.00 95.84  0.01 299972.2161  0.00 1597151.7258
             -942418.4920   -0.00 95.84  0.01 -942418.4920  0.00 1597151.7258
             1254096.3642    0.00 95.84  0.01 1254096.3642  0.00     0.0000
 12 LHAZ WUHN -2160807.8410   -0.01 133.74  0.01 -2160807.8411  0.00 2228800.5177
             -540115.5788   -0.00 133.74  0.01 -540115.5788  0.00 2228800.5178
               82075.4736   -0.00 133.74  0.00  82075.4736  0.00     0.0001
 13 TJCH URUM 3043433.7528    0.00 194.20  0.01 3043433.7528  0.00 3236557.2397
              -44996.0175   -0.00 194.20  0.01 -44996.0175  0.00 3236557.2397
             1100358.6309    0.00 194.20  0.01 1100358.6309  0.00     0.0000
 14 TJCH WUHN 582653.6956    0.00 41.26  0.00 582653.6956  0.00 687232.8762
              357306.8957   -0.00 41.26  0.00 357306.8957  0.00 687232.8762
              -71662.2597   -0.00 41.26  0.00 -71662.2597  0.00     0.0000
 15 URUM WUHN -2460780.0572   -0.00 165.32  0.01 -2460780.0572  0.00 2755162.2624
              402302.9132   -0.00 165.32  0.01 402302.9132  0.00 2755162.2624
            -1172020.8907    0.00 165.32  0.01 -1172020.8907  0.00    -0.0000
----------------------------------------------------------------------------
   NO: 12 最大基线改正数=  0.0001 ;   NO:  3 最小基线改正数= -0.0001 ;

等级: CP0                                 观测: mao                   
仪器:                                     日期: mao                   
