                                    mao
                             无约束平差计算结果
                                WGS-84坐标系
                         铁路规范GPS控制网测量规范
                          2017年04月09日 15:03:02



			单位权中误差: _UW = 0.000406 (VTPV = 0.000005)



空间直角坐标及精度
----------------------------------------------------------------------------
 No    P         X[m]    Mx[cm]        Y[m]    My[cm]        Z[m]    Mz[cm]
----------------------------------------------------------------------------
  1 BJFS   -2148743.7840  0.00    4426641.2360  0.00    4044655.9350  0.00
  2 CHAN   -2674426.8999  0.00    3757143.1530  0.00    4391521.6596  0.00
  3 LHAZ    -106941.2958  0.00    5549269.8088  0.00    3139215.2337  0.00
  4 TJCH   -2850402.8345  0.00    4651847.3296  0.00    3292952.9652  0.00
  5 URUM     193030.9362  0.01    4606851.3269  0.01    4393311.6051  0.00
  6 WUHN   -2267749.1406  0.00    5009154.2267  0.00    3221290.7054  0.00
----------------------------------------------------------------------------

大地坐标及精度
----------------------------------------------------------------------------
 No    P       B[dms]       Mb[s]      L[dms]       Ml[s]      H[m]  Mh[cm]
----------------------------------------------------------------------------
  1 BJFS  39 36 30.96840  0.00000 115 53 32.93636  0.00000   87.3337  0.00
  2 CHAN  43 47 26.47729  0.00000 125 26 39.10697  0.00000  273.0774  0.00
  3 LHAZ  29 39 26.40283  0.00000  91 06 14.48608  0.00000 3624.6460  0.00
  4 TJCH  31 17  5.84130  0.00000 121 29 51.84830  0.00000   36.6181  0.00
  5 URUM  43 48 28.61991  0.00000  87 36  2.38414  0.00000  858.9724  0.01
  6 WUHN  30 31 53.95292  0.00000 114 21 26.13486  0.00000   25.7124  0.00
----------------------------------------------------------------------------

误差椭球参数
----------------------------------------------------------------------------
 NO    P      A[cm]    MP[cm]     Alfa[dms]      Beta[dms]      Gama[dms]
----------------------------------------------------------------------------
  1 BJFS    0.0000    0.0000    170 32 34.5     81 54 21.9     94 51 31.3
            0.0000               96 27 46.1    162 39 44.6    106  1  2.1
            0.0000               96 52 29.2    105 13 37.0     16 46 34.2
  2 CHAN    0.0031    0.0037     62 50 40.7    126 33 29.8    131 22 31.4
            0.0009              130  5 55.2     73  3 42.5    135  0 51.4
            0.0018              127 52  8.5    138 27 55.2     75 28 54.8
  3 LHAZ    0.0040    0.0051     91 28 55.0    150 13 22.1    119 43 57.8
            0.0029              165  7 39.2     85 27 42.8     75 52  2.3
            0.0013              116 39 35.2     65  7 38.4    142  2 51.7
  4 TJCH    0.0030    0.0036     64 55 36.7    135 44 51.2    123 40 12.0
            0.0012               95 41 33.8     55  7 50.6    144 31 55.4
            0.0015               25 47 59.5     66 24 48.6     80  8 27.4
  5 URUM    0.0070    0.0090     83 14 30.3    143 17 57.3    125 52  8.6
            0.0051               65 28 18.5     31 56 58.2    109  9 22.8
            0.0025               90 27 47.3     55  7 35.2    145  7 20.8
  6 WUHN    0.0033    0.0038     68 50 26.5    139 55 26.1    122 12 53.3
            0.0012              123 11 52.7     73 12 38.9    141 45 10.4
            0.0016              139  1  8.1    125  7 31.6     71 39 25.6
----------------------------------------------------------------------------
MaX: NO:  5  MP[cm] =   0.0090 ;   

GPS基线向量观测值及精度
----------------------------------------------------------------------------
 NO.  P1   P2    OBS.[m]    V[cm]  Vmax MV[cm]    ADJ.[m] MA[cm]      S[m]
----------------------------------------------------------------------------
  1 BJFS CHAN -525683.1159    0.00 55.17  0.00 -525683.1159  0.00 919176.9429
             -669498.0830   -0.00 55.17  0.00 -669498.0830  0.00 919176.9429
              346865.7246   -0.00 55.17  0.00 346865.7246  0.00     0.0000
  2 BJFS LHAZ 2041802.4883   -0.01 150.00  0.00 2041802.4882  0.00 2499815.0286
             1122628.5728    0.00 150.00  0.01 1122628.5728  0.00 2499815.0286
             -905440.7013    0.00 150.00  0.00 -905440.7013  0.00    -0.0000
  3 BJFS TJCH -701659.0505    0.00 63.18  0.00 -701659.0505  0.00 1052663.5562
              225206.0936   -0.00 63.18  0.00 225206.0936  0.00 1052663.5562
             -751702.9698    0.00 63.18  0.00 -751702.9698  0.00    -0.0000
  4 BJFS URUM 2341774.7202    0.00 142.47  0.01 2341774.7202  0.01 2374435.7842
              180210.0909   -0.00 142.47  0.01 180210.0909  0.01 2374435.7842
              348655.6701    0.00 142.47  0.01 348655.6701  0.00     0.0000
  5 BJFS WUHN -119005.3566    0.00 60.95  0.00 -119005.3566  0.00 1015585.5260
              582512.9907   -0.00 60.95  0.00 582512.9907  0.00 1015585.5259
             -823365.2296    0.00 60.95  0.00 -823365.2296  0.00    -0.0000
  6 CHAN LHAZ 2567485.6041    0.00 202.34  0.01 2567485.6041  0.00 3372235.4103
             1792126.6559   -0.01 202.34  0.01 1792126.6558  0.00 3372235.4103
            -1252306.4259    0.00 202.34  0.00 -1252306.4259  0.00    -0.0000
  7 CHAN TJCH -175975.9346    0.00 85.67  0.00 -175975.9346  0.00 1427696.1404
              894704.1766    0.00 85.67  0.00 894704.1766  0.00 1427696.1404
            -1098568.6943   -0.01 85.67  0.00 -1098568.6944  0.00     0.0001
  8 CHAN URUM 2867457.8361   -0.00 179.45  0.01 2867457.8361  0.01 2990705.8743
              849708.1739    0.00 179.45  0.01 849708.1739  0.01 2990705.8743
                1789.9456   -0.01 179.45  0.01   1789.9455  0.00    -0.0000
  9 CHAN WUHN 406677.7593   -0.00 105.69  0.00 406677.7593  0.00 1761351.4739
             1252011.0737    0.00 105.69  0.00 1252011.0737  0.00 1761351.4739
            -1170230.9541   -0.01 105.69  0.00 -1170230.9542  0.00     0.0000
 10 LHAZ TJCH -2743461.5387   -0.00 173.44  0.01 -2743461.5387  0.00 2890602.6380
             -897422.4792   -0.00 173.44  0.01 -897422.4792  0.00 2890602.6380
              153737.7315    0.00 173.44  0.00 153737.7315  0.00     0.0000
 11 LHAZ URUM 299972.2319    0.01 95.84  0.01 299972.2320  0.01 1597151.7285
             -942418.4819   -0.00 95.84  0.01 -942418.4819  0.01 1597151.7285
             1254096.3714    0.00 95.84  0.01 1254096.3714  0.00     0.0000
 12 LHAZ WUHN -2160807.8449    0.01 133.74  0.01 -2160807.8448  0.00 2228800.5222
             -540115.5822    0.01 133.74  0.01 -540115.5821  0.00 2228800.5221
               82075.4717    0.00 133.74  0.00  82075.4717  0.00    -0.0001
 13 TJCH URUM 3043433.7707   -0.00 194.20  0.01 3043433.7707  0.01 3236557.2594
              -44996.0027   -0.00 194.20  0.01 -44996.0027  0.01 3236557.2594
             1100358.6399    0.00 194.20  0.01 1100358.6399  0.00    -0.0000
 14 TJCH WUHN 582653.6939   -0.00 41.26  0.00 582653.6939  0.00 687232.8755
              357306.8971   -0.00 41.26  0.00 357306.8971  0.00 687232.8755
              -71662.2598    0.00 41.26  0.00 -71662.2598  0.00    -0.0000
 15 URUM WUHN -2460780.0768    0.00 165.32  0.01 -2460780.0768  0.01 2755162.2818
              402302.8998   -0.00 165.32  0.01 402302.8998  0.01 2755162.2818
            -1172020.8997   -0.00 165.32  0.01 -1172020.8997  0.00    -0.0000
----------------------------------------------------------------------------
   NO:  7 最大基线改正数=  0.0001 ;   NO: 12 最小基线改正数= -0.0001 ;

等级: CP0                                 观测: mao                   
仪器:                                     日期: mao                   
